0.3021 None None
0.3021 0.3402 0.3998
0.3069 0.3412 0.391
0.305 0.3402 0.4027
0.3089 0.3382 0.4008
0.2942 0.35 0.4037
0.3138 0.347 0.392
0.3206 0.3333 0.3998
0.3167 0.347 0.3998
0.3128 0.3441 0.3949
0.3236 0.3353 0.4076
0.3216 0.3372 0.3978
0.3196 0.3392 0.4018
0.3196 0.3421 0.4008
0.3196 0.3382 0.4037
0.3187 0.3382 0.3978
0.3167 0.3412 0.3959
0.3118 0.3392 0.4027
0.3157 0.3431 0.3978
0.3118 0.3441 0.4008
0.3157 0.3275 0.4037
0.3118 0.3392 0.4047
0.3118 0.3363 0.4008
0.3089 0.3421 0.3998
0.3109 0.3431 0.4037
0.3177 0.3421 0.4008
0.3206 0.3392 0.3998
0.3304 0.3324 0.4027
0.3157 0.3216 0.3978
0.3187 0.3157 0.4115
0.3187 0.3157 0.391
0.303 0.3079 0.3978
0.3099 0.3109 0.4076
0.3069 0.3069 0.3959
0.3177 0.306 0.4018
0.306 0.3324 0.391
0.3021 0.3099 0.3851
0.305 0.3187 0.4066
0.3196 0.3265 0.4076
0.3109 0.3265 0.4106
0.3118 0.3275 0.3978
0.3099 0.3314 0.3969
0.305 0.3304 0.3949
0.2991 0.3314 0.3988
0.3001 0.3275 0.4047
0.3138 0.3236 0.4086
0.3118 0.3245 0.3998
0.3069 0.3138 0.4106
0.305 0.3255 0.3861
0.304 0.3245 0.3988
0.3118 0.3236 0.4125
0.3099 0.3216 0.4115
0.3148 0.3226 0.4076
0.3069 0.3294 0.3891
0.3021 0.3304 0.3881
0.3011 0.3304 0.4037
0.3128 0.3206 0.4174
0.3089 0.3167 0.4037
0.3079 0.3109 0.4106
0.306 0.3245 0.3812
0.3157 0.3157 0.3988
0.3118 0.3157 0.4086
0.3021 0.3148 0.4184
0.3148 0.3236 0.4076
0.306 0.3275 0.3822
0.2991 0.3294 0.393
0.3069 0.3265 0.4027
0.3187 0.3226 0.4174
0.3079 0.3099 0.4018
0.3099 0.306 0.4115
0.3069 0.3226 0.3812
0.304 0.3226 0.3959
0.3099 0.3187 0.4106
0.3187 0.3109 0.4154
0.3157 0.3187 0.3949
0.305 0.3138 0.4106
0.3079 0.3284 0.3842
0.3001 0.3236 0.3969
0.2923 0.3206 0.4066
0.3089 0.3196 0.4145
0.3177 0.3099 0.4057
0.3069 0.3118 0.3988
0.3021 0.3206 0.3793
0.305 0.3206 0.3998
0.303 0.3138 0.4106
0.3089 0.305 0.4125
0.3128 0.3177 0.3978
0.303 0.3128 0.4008
0.3011 0.3304 0.3842
0.3011 0.3216 0.3969
0.3138 0.3187 0.4174
0.2952 0.3148 0.4008
0.3069 0.305 0.4086
0.2972 0.3206 0.3822
0.303 0.3255 0.3959
0.2825 0.3148 0.4037
0.3099 0.3128 0.4086
0.2903 0.3265 0.3939
0.306 0.3128 0.3988
0.3021 0.3206 0.3949
0.303 0.3196 0.3939
0.2893 0.3148 0.3998
0.306 0.3206 0.4008
0.2981 0.3118 0.4047
0.2952 0.3177 0.3969
0.306 0.3157 0.4047
0.3069 0.3187 0.4018
0.3128 0.3177 0.3969
0.3236 0.3177 0.4115
0.3177 0.3177 0.4086
0.3236 0.3245 0.4086
0.3138 0.3265 0.3949
0.3128 0.3284 0.391
0.3079 0.3284 0.4018
0.2952 0.3324 0.4047
0.3187 0.3236 0.4223
0.3255 0.3177 0.4125
0.3109 0.3216 0.391
0.3079 0.3294 0.3871
0.3138 0.3343 0.4047
0.3128 0.3255 0.4125
0.3157 0.3245 0.4233
0.3187 0.3206 0.3949
0.3109 0.3265 0.3881
0.305 0.3372 0.3891
0.3089 0.3372 0.4057
0.3079 0.3265 0.4154
0.2981 0.3148 0.4135
0.3177 0.3196 0.4106
0.3079 0.3206 0.3763
0.305 0.3314 0.392
0.306 0.3324 0.4115
0.3167 0.3226 0.4184
0.3148 0.3255 0.4027
0.3099 0.3206 0.3988
0.305 0.3333 0.3822
0.3021 0.3343 0.3998
0.3001 0.3343 0.4164
0.3148 0.3216 0.4213
0.3196 0.3216 0.4047
0.3099 0.3206 0.3939
0.3109 0.3294 0.3881
0.3187 0.3324 0.4057
0.3196 0.3245 0.4145
0.3148 0.3216 0.4174
0.3216 0.3245 0.3998
0.3089 0.3284 0.3891
0.3089 0.3324 0.39
0.3118 0.3363 0.4057
0.3148 0.3284 0.4194
0.3079 0.3167 0.4154
0.3206 0.3206 0.4106
0.3118 0.3236 0.3842
0.3109 0.3324 0.392
0.3128 0.3372 0.4135
0.3157 0.3343 0.4164
0.3167 0.3275 0.4115
0.3206 0.3324 0.4066
0.3265 0.3451 0.3881
0.3196 0.3392 0.3773
0.3226 0.3441 0.3548
0.3157 0.3226 0.3206
0.2845 0.2952 0.3539
0.3333 0.2933 0.4575
0.3314 0.2805 0.4761
0.2678 0.263 0.435
0.3343 0.3304 0.434
0.3255 0.2942 0.3851
0.3324 0.3118 0.4106
0.3441 0.3079 0.4018
0.3372 0.3109 0.4018
0.3402 0.3089 0.4018
0.3363 0.3148 0.4066
0.3353 0.3177 0.3978
0.3372 0.3109 0.3959
0.3372 0.3196 0.4008
0.3372 0.3187 0.3949
0.3441 0.3196 0.3939
0.3421 0.3343 0.4321
0.3372 0.3177 0.3949
0.3382 0.3255 0.4057
0.3392 0.3216 0.4086
0.3363 0.3187 0.4066
0.3421 0.3255 0.4145
0.3382 0.3196 0.3949
0.3402 0.3128 0.3891
0.3431 0.3167 0.4018
0.3451 0.3304 0.4027
0.3441 0.3265 0.4125
0.3392 0.3236 0.4018
0.3392 0.3206 0.3998
0.3402 0.3226 0.3978
0.3402 0.3245 0.4008
0.3412 0.3236 0.4027
0.3402 0.3245 0.4008
0.3402 0.3275 0.4027
0.3392 0.3265 0.4037
0.3392 0.3265 0.4018
0.3412 0.3265 0.4057
0.3392 0.3255 0.4027
0.3402 0.3275 0.4066
0.3412 0.3255 0.4027
0.3402 0.3255 0.3988
0.3402 0.3284 0.4018
0.3392 0.3304 0.4047
0.3392 0.3304 0.4027
0.3402 0.3294 0.4037
0.3402 0.3304 0.4018
0.3392 0.3304 0.4027
0.3402 0.3304 0.4027
0.3392 0.3294 0.4018
0.3392 0.3294 0.4018
0.3402 0.3284 0.4018
0.3402 0.3284 0.4018
0.3392 0.3275 0.4027
0.3392 0.3275 0.4027
0.3392 0.3265 0.4027
0.3392 0.3275 0.4018
0.3402 0.3275 0.4027
0.3402 0.3284 0.4027
0.3392 0.3265 0.4027
0.3402 0.3265 0.4018
0.3392 0.3265 0.4027
0.3402 0.3275 0.4027
0.3392 0.3265 0.4037
0.3402 0.3275 0.4027
0.3382 0.3275 0.4047
0.3372 0.3304 0.4057
0.3363 0.3284 0.4027
0.3343 0.3275 0.4027
0.3343 0.3265 0.4027
0.3343 0.3245 0.4057
0.3343 0.3255 0.4047
0.3343 0.3275 0.4096
0.3333 0.3284 0.4154
0.3343 0.3255 0.4194
0.3294 0.3187 0.4184
0.3265 0.3245 0.4125
0.3284 0.3196 0.4135
0.3177 0.3236 0.4037
0.3196 0.3196 0.4027
0.3245 0.3196 0.3978
0.3304 0.3265 0.392
0.3324 0.3245 0.3939
0.3284 0.3333 0.3881
0.3236 0.3236 0.3949
0.3245 0.3275 0.4008
0.3265 0.3275 0.4057
0.3275 0.3324 0.3978
0.3275 0.3284 0.3969
0.3236 0.3314 0.3998
0.3206 0.3294 0.4057
0.3245 0.3294 0.4057
0.3157 0.3245 0.4135
0.3118 0.3304 0.392
0.3128 0.3265 0.4018
0.3148 0.3265 0.4066
0.3138 0.3275 0.4047
0.3148 0.3324 0.4018
0.3187 0.3314 0.4057
0.3206 0.3324 0.4066
0.3206 0.3363 0.4018
0.3216 0.3333 0.4037
0.3177 0.3402 0.3988
0.3148 0.3372 0.3988
0.3118 0.3382 0.3988
0.3089 0.3421 0.3998
0.3069 0.3402 0.4018
0.3157 0.3353 0.4096
0.3109 0.3284 0.4096
0.3157 0.3265 0.4008
0.3167 0.3255 0.3978
0.3128 0.3333 0.393
0.3167 0.3324 0.4047
0.3236 0.3343 0.4135
0.3148 0.3402 0.4066
0.3177 0.3343 0.4066
0.3118 0.3392 0.392
0.306 0.3392 0.392
0.3099 0.3402 0.4047
0.3157 0.3402 0.4174
0.3099 0.3275 0.4057
0.3118 0.3265 0.3998
0.3099 0.3284 0.392
0.305 0.3333 0.3988
0.3089 0.3343 0.3998
0.3157 0.3275 0.4125
0.3206 0.3343 0.4047
0.3196 0.3304 0.4076
0.3128 0.3372 0.391
0.3109 0.3382 0.3939
0.3099 0.3421 0.3988
0.3089 0.3392 0.4096
0.3167 0.3353 0.4047
0.3196 0.3265 0.4125
0.3109 0.3314 0.3978
0.3079 0.3343 0.3891
0.306 0.3382 0.3959
0.3128 0.3392 0.4076
0.3226 0.3353 0.4135
0.3196 0.3333 0.4057
0.3157 0.3294 0.4037
0.3109 0.3363 0.39
0.303 0.3402 0.3949
0.3089 0.3441 0.4066
0.3138 0.3402 0.4106
0.3109 0.3294 0.4125
0.3177 0.3294 0.4008
0.3128 0.3284 0.3891
0.305 0.3343 0.3959
0.3099 0.3441 0.4047
0.3109 0.3402 0.4066
0.3196 0.3353 0.4106
0.3177 0.3314 0.3978
0.3138 0.3314 0.3969
0.3099 0.3392 0.3949
0.306 0.3412 0.3978
0.306 0.3392 0.4057
0.3187 0.3363 0.4154
0.3089 0.3284 0.4037
0.3128 0.3236 0.4047
0.3089 0.3284 0.39
0.3069 0.3353 0.3949
0.3109 0.3372 0.4096
0.3148 0.3353 0.4115
0.3128 0.3324 0.4086
0.3187 0.3284 0.3988
0.3109 0.3333 0.3949
0.3099 0.3392 0.391
0.306 0.3412 0.4027
0.304 0.3372 0.4037
0.3148 0.3333 0.4047
0.3138 0.3324 0.4037
0.3118 0.3245 0.4096
0.3089 0.3314 0.391
0.3069 0.3353 0.3988
0.3089 0.3382 0.4066
0.3118 0.3402 0.3988
0.3148 0.3294 0.4096
0.3089 0.3363 0.3959
0.3157 0.3284 0.4096
0.3157 0.3363 0.3949
0.3167 0.3333 0.3998
0.3157 0.3353 0.4018
0.3128 0.3324 0.4018
0.3167 0.3324 0.4057
0.3109 0.3275 0.4057
0.3099 0.3314 0.3988
0.3099 0.3304 0.4047
0.3128 0.3314 0.3998
0.3157 0.3314 0.4037
0.3138 0.3343 0.4027
0.3167 0.3343 0.4027
0.3206 0.3353 0.4037
0.3236 0.3372 0.4076
0.3216 0.3392 0.4037
0.3187 0.3382 0.4037
0.3206 0.3431 0.3969
0.3157 0.3392 0.3988
0.3167 0.3441 0.3988
0.3187 0.3441 0.4057
0.3187 0.3441 0.4086
0.3167 0.3275 0.4115
0.3206 0.3304 0.4057
0.3157 0.3314 0.392
0.3109 0.3353 0.3978
0.3128 0.3421 0.3969
0.3157 0.3402 0.4066
0.3206 0.3382 0.4125
0.3187 0.3333 0.4018
0.3157 0.3363 0.4057
0.3128 0.3382 0.3939
0.3079 0.3421 0.3998
0.3089 0.3412 0.4037
0.3187 0.3353 0.4135
0.3118 0.3314 0.4076
0.3148 0.3265 0.4047
0.3157 0.3343 0.391
0.3157 0.3392 0.4008
0.3177 0.3353 0.4076
0.3206 0.3324 0.4096
0.3206 0.3392 0.4027
0.3138 0.3382 0.3998
0.3148 0.3421 0.391
0.3109 0.3421 0.3998
0.3099 0.3441 0.4027
0.3196 0.3421 0.4174
0.3138 0.3372 0.4018
0.3157 0.3284 0.3988
0.3128 0.3343 0.39
0.3167 0.3421 0.3969
0.3187 0.3402 0.4115
0.3206 0.3382 0.4106
0.3206 0.3363 0.4066
0.3128 0.3431 0.391
0.3099 0.3412 0.39
0.3109 0.3451 0.4018
0.3089 0.3431 0.4115
0.3128 0.3382 0.4115
0.3187 0.3314 0.4037
0.3099 0.3353 0.3939
0.306 0.3372 0.39
0.3118 0.3412 0.4008
0.3157 0.3392 0.4057
0.3216 0.3372 0.4145
0.3216 0.3363 0.3988
0.3167 0.3363 0.3988
0.3118 0.3421 0.3939
0.3099 0.3431 0.3978
0.3099 0.3402 0.4096
0.3157 0.3402 0.4135
0.3148 0.3333 0.3969
0.3157 0.3284 0.3988
0.3128 0.3372 0.3959
0.3167 0.3402 0.4008
0.3177 0.3412 0.4027
0.3245 0.3343 0.4135
0.3226 0.3363 0.3939
0.3177 0.3392 0.3861
0.3177 0.349 0.3881
0.3177 0.348 0.3793
0.3216 0.3226 0.3617
0.305 0.3011 0.3695
0.2845 0.3079 0.3842
0.3001 0.2825 0.435
0.2805 0.2522 0.4985
0.3099 0.3412 0.3607
0.3402 0.3069 0.3578
0.3402 0.3548 0.3842
0.3324 0.2893 0.3822
0.3372 0.3333 0.4242
0.3314 0.3157 0.4057
0.3392 0.3187 0.4047
0.3353 0.3187 0.4037
0.3372 0.3187 0.4037
0.3382 0.3187 0.4018
0.3372 0.3187 0.4027
0.3363 0.3187 0.4027
0.3372 0.3196 0.4027
0.3382 0.3206 0.4027
0.3372 0.3216 0.4037
0.3372 0.3216 0.4037
0.3392 0.3196 0.4018
0.3372 0.3187 0.4008
0.3372 0.3206 0.4027
0.3382 0.3196 0.4027
0.3392 0.3216 0.4027
0.3382 0.3245 0.4057
0.3421 0.3294 0.4174
0.35 0.3206 0.4008
0.3519 0.3333 0.3959
0.3627 0.3509 0.4164
0.3558 0.3656 0.4008
0.3548 0.3548 0.3685
0.3558 0.3539 0.3548
0.3636 0.3607 0.3529
0.3675 0.3734 0.3666
0.3587 0.3656 0.3627
0.3519 0.3656 0.3705
0.3343 0.3509 0.3695
0.3431 0.3372 0.3783
0.3138 0.3333 0.4076
0.3372 0.3441 0.4712
0.3324 0.3402 0.4037
0.3372 0.3324 0.4057
0.3382 0.3304 0.4047
0.3363 0.3314 0.4018
0.3372 0.3324 0.4027
0.3372 0.3324 0.4027
0.3382 0.3314 0.4018
0.3382 0.3324 0.4027
0.3372 0.3333 0.4037
0.3363 0.3314 0.4047
0.3372 0.3324 0.4008
0.3382 0.3304 0.4008
0.3382 0.3314 0.4057
0.3363 0.3324 0.4027
0.3372 0.3324 0.4047
0.3363 0.3324 0.4047
0.3372 0.3343 0.4047
0.3363 0.3333 0.4027
0.3363 0.3333 0.4066
0.3382 0.3236 0.4037
0.3333 0.3353 0.4311
0.3392 0.3421 0.4242
0.3451 0.3294 0.4457
0.3333 0.3324 0.4242
0.3333 0.3294 0.3998
0.3304 0.3372 0.3881
0.3245 0.3402 0.3842
0.3265 0.3441 0.3812
0.3363 0.3451 0.3842
0.3421 0.3519 0.3891
0.3441 0.3519 0.3793
0.3529 0.3617 0.3754
0.3519 0.3656 0.3675
0.3431 0.3568 0.3763
0.3333 0.348 0.3851
0.3245 0.3236 0.4018
0.3275 0.3128 0.4066
0.3294 0.3177 0.3988
0.3255 0.3363 0.4076
0.3236 0.3451 0.4047
0.3216 0.3627 0.4008
0.3294 0.3656 0.3832
0.3372 0.3539 0.3939
0.3314 0.3617 0.3978
0.3372 0.3587 0.3969
0.349 0.3441 0.3939
0.347 0.3519 0.4184
0.3412 0.3402 0.4174
0.3343 0.3089 0.4223
0.3236 0.3021 0.3861
0.3226 0.3021 0.3744
0.306 0.3138 0.3812
0.3275 0.3421 0.4291
0.3343 0.348 0.433
0.3363 0.35 0.4125
0.3431 0.35 0.3949
0.346 0.3519 0.3539
0.3627 0.3773 0.3656
0.3539 0.3998 0.3851
0.3402 0.3715 0.3959
0.3314 0.3441 0.3763
0.3236 0.3324 0.3675
0.3177 0.3236 0.4027
0.3128 0.3187 0.4301
0.3177 0.3216 0.4399
0.3245 0.3236 0.4145
0.3255 0.3255 0.39
0.3324 0.3382 0.3763
0.3392 0.3627 0.3891
0.3353 0.3705 0.4076
0.3343 0.3656 0.4096
0.3265 0.3441 0.3978
0.3206 0.3421 0.3783
0.3187 0.3441 0.3832
0.3177 0.3519 0.4066
0.3275 0.348 0.4262
0.3304 0.346 0.4037
0.3265 0.3304 0.4066
0.3187 0.3382 0.3734
0.3255 0.3509 0.3939
0.3265 0.35 0.4194
0.3304 0.3509 0.4184
0.3275 0.3402 0.4008
0.3206 0.3451 0.392
0.3226 0.347 0.3783
0.3226 0.3519 0.3988
0.3265 0.3529 0.4086
0.3275 0.349 0.4135
0.3206 0.3363 0.3969
0.3128 0.3451 0.391
0.3206 0.3548 0.392
0.3255 0.35 0.391
0.3353 0.3372 0.349
0.3402 0.3167 0.3675
0.3157 0.3167 0.3656
0.3128 0.3265 0.3646
0.3372 0.3089 0.4477
0.2727 0.2962 0.5073
0.3353 0.3216 0.5103
0.3304 0.2942 0.3842
0.3245 0.3236 0.4076
0.3275 0.3109 0.4018
0.3255 0.3275 0.4057
0.3343 0.3177 0.4018
0.3304 0.3187 0.4037
0.3294 0.3196 0.4037
0.3294 0.3196 0.4027
0.3314 0.3275 0.4027
0.3382 0.3304 0.4027
0.3333 0.346 0.4037
0.3412 0.3402 0.4008
0.3343 0.348 0.3959
0.3333 0.3509 0.3959
0.3216 0.3558 0.3988
0.3245 0.3578 0.4624
0.3138 0.3451 0.3969
0.3441 0.3255 0.3988
0.3294 0.347 0.4115
0.3255 0.3236 0.4008
0.3265 0.3265 0.4047
0.3255 0.3265 0.4047
0.3255 0.3265 0.4037
0.3255 0.3275 0.4047
0.3255 0.3275 0.4047
0.3265 0.3275 0.4047
0.3255 0.3275 0.4037
0.3255 0.3275 0.4047
0.3255 0.3265 0.4047
0.3255 0.3275 0.4037
0.3255 0.3275 0.4037
0.3255 0.3265 0.4037
0.3255 0.3275 0.4047
0.3265 0.3275 0.4047
0.3255 0.3275 0.4037
0.3255 0.3265 0.4037
0.3255 0.3275 0.4047
0.3255 0.3265 0.4037
0.3255 0.3265 0.4037
0.3255 0.3275 0.4047
0.3255 0.3265 0.4047
0.3255 0.3275 0.4047
0.3255 0.3275 0.4047
0.3255 0.3275 0.4037
0.3265 0.3275 0.4037
0.3255 0.3265 0.4047
0.3265 0.3265 0.4047
0.3265 0.3265 0.4037
0.3255 0.3275 0.4047
0.3255 0.3275 0.4047
0.3265 0.3265 0.4037
0.3255 0.3275 0.4047
0.3255 0.3275 0.4047
0.3255 0.3265 0.4037
0.3255 0.3275 0.4037
0.3255 0.3275 0.4037
0.3255 0.3275 0.4037
0.3265 0.3275 0.4037
0.3265 0.3265 0.4037
0.3255 0.3265 0.4047
0.3255 0.3275 0.4047
0.3255 0.3275 0.4037
0.3255 0.3275 0.4047
0.3255 0.3265 0.4037
0.3255 0.3275 0.4047
0.3265 0.3275 0.4037
0.3255 0.3275 0.4037
0.3265 0.3275 0.4037
0.3255 0.3275 0.4037
0.3255 0.3275 0.4037
0.3265 0.3265 0.4047
0.3255 0.3275 0.4037
0.3255 0.3275 0.4047
0.3255 0.3275 0.4037
0.3255 0.3275 0.4037
0.3255 0.3275 0.4037
0.3255 0.3275 0.4047
0.3265 0.3275 0.4037
0.3255 0.3275 0.4047
0.3255 0.3265 0.4047
0.3255 0.3275 0.4047
0.3255 0.3275 0.4047
0.3265 0.3265 0.4037
0.3255 0.3275 0.4047
0.3255 0.3275 0.4037
0.3265 0.3265 0.4037
0.3255 0.3265 0.4037
0.3255 0.3275 0.4037
0.3255 0.3275 0.4037
0.3255 0.3275 0.4037
0.3255 0.3275 0.4047
0.3255 0.3275 0.4037
0.3255 0.3275 0.4047
0.3255 0.3275 0.4037
0.3265 0.3275 0.4037
0.3255 0.3275 0.4037
0.3255 0.3265 0.4037
0.3265 0.3265 0.4047
0.3255 0.3275 0.4047
0.3255 0.3275 0.4037
0.3265 0.3265 0.4047
0.3265 0.3275 0.4037
0.3255 0.3275 0.4037
0.3255 0.3275 0.4037
0.3255 0.3275 0.4047
0.3255 0.3265 0.4037
0.3255 0.3275 0.4047
0.3265 0.3265 0.4037
0.3255 0.3275 0.4037
0.3255 0.3275 0.4047
0.3255 0.3265 0.4037
0.3255 0.3275 0.4037
0.3255 0.3265 0.4037
0.3255 0.3265 0.4037
0.3255 0.3275 0.4037
0.3265 0.3265 0.4037
0.3255 0.3275 0.4047
0.3265 0.3265 0.4037
0.3265 0.3265 0.4047
0.3255 0.3275 0.4037
0.3255 0.3275 0.4037
0.3255 0.3275 0.4047
0.3255 0.3265 0.4047
0.3255 0.3275 0.4037
0.3265 0.3275 0.4037
0.3265 0.3265 0.4037
0.3265 0.3265 0.4047
0.3255 0.3265 0.4037
0.3255 0.3265 0.4037
0.3255 0.3275 0.4037
0.3255 0.3265 0.4037
0.3255 0.3265 0.4037
0.3255 0.3265 0.4037
0.3255 0.3275 0.4037
0.3255 0.3265 0.4047
0.3255 0.3275 0.4037
0.3255 0.3275 0.4037
0.3255 0.3275 0.4037
0.3255 0.3275 0.4037
0.3255 0.3275 0.4037
0.3255 0.3265 0.4037
0.3265 0.3265 0.4037
0.3255 0.3265 0.4037
0.3255 0.3275 0.4047
0.3255 0.3275 0.4037
0.3255 0.3265 0.4037
0.3255 0.3275 0.4037
0.3255 0.3275 0.4047
0.3255 0.3265 0.4047
0.3265 0.3265 0.4037
0.3255 0.3275 0.4047
0.3255 0.3275 0.4037
0.3265 0.3265 0.4037
0.3265 0.3275 0.4037
0.3255 0.3265 0.4047
0.3265 0.3265 0.4037
0.3255 0.3275 0.4037
0.3255 0.3275 0.4047
0.3255 0.3265 0.4037
0.3255 0.3265 0.4047
0.3255 0.3265 0.4047
0.3265 0.3265 0.4037
0.3255 0.3265 0.4037
0.3255 0.3265 0.4037
0.3265 0.3275 0.4047
0.3255 0.3265 0.4037
0.3265 0.3275 0.4037
0.3255 0.3275 0.4037
0.3255 0.3265 0.4037
0.3255 0.3265 0.4037
0.3255 0.3265 0.4047
0.3255 0.3275 0.4037
0.3255 0.3275 0.4047
0.3255 0.3275 0.4037
0.3255 0.3275 0.4037
0.3265 0.3265 0.4037
0.3255 0.3265 0.4037
0.3255 0.3275 0.4037
0.3255 0.3265 0.4037
0.3255 0.3275 0.4037
0.3265 0.3265 0.4037
0.3255 0.3275 0.4037
0.3255 0.3265 0.4047
0.3255 0.3275 0.4047
0.3255 0.3275 0.4037
0.3255 0.3265 0.4047
0.3255 0.3265 0.4037
0.3265 0.3275 0.4037
0.3255 0.3265 0.4047
0.3255 0.3265 0.4037
0.3255 0.3275 0.4037
0.3255 0.3275 0.4037
0.3255 0.3265 0.4047
0.3255 0.3265 0.4037
0.3255 0.3275 0.4037
0.3255 0.3265 0.4037
0.3255 0.3265 0.4037
0.3265 0.3275 0.4037
0.3255 0.3275 0.4037
0.3255 0.3275 0.4047
0.3255 0.3265 0.4037
0.3255 0.3275 0.4037
0.3255 0.3275 0.4047
0.3255 0.3265 0.4037
0.3255 0.3265 0.4037
0.3265 0.3265 0.4037
0.3255 0.3265 0.4047
0.3265 0.3275 0.4037
0.3255 0.3275 0.4037
0.3255 0.3265 0.4047
0.3255 0.3275 0.4047
0.3255 0.3275 0.4047
0.3255 0.3275 0.4037
0.3255 0.3265 0.4037
0.3265 0.3275 0.4047
0.3255 0.3265 0.4037
0.3255 0.3275 0.4037
0.3255 0.3265 0.4037
0.3255 0.3275 0.4037
0.3255 0.3265 0.4037
0.3255 0.3265 0.4037
0.3265 0.3265 0.4037
0.3255 0.3275 0.4037
0.3255 0.3265 0.4037
0.3255 0.3275 0.4037
0.3265 0.3275 0.4047
0.3255 0.3275 0.4037
0.3265 0.3275 0.4037
0.3255 0.3265 0.4037
0.3255 0.3275 0.4037
0.3255 0.3275 0.4037
0.3255 0.3275 0.4037
0.3265 0.3275 0.4047
0.3255 0.3265 0.4037
0.3255 0.3275 0.4047
0.3255 0.3275 0.4037
0.3255 0.3275 0.4047
0.3255 0.3275 0.4037
0.3265 0.3275 0.4037
0.3255 0.3275 0.4037
0.3255 0.3275 0.4037
0.3255 0.3265 0.4037
0.3255 0.3265 0.4037
0.3255 0.3265 0.4037
0.3255 0.3265 0.4037
0.3265 0.3265 0.4037
0.3255 0.3275 0.4037
0.3255 0.3265 0.4037
0.3255 0.3265 0.4037
0.3255 0.3275 0.4037
0.3255 0.3265 0.4037
0.3255 0.3275 0.4037
0.3255 0.3265 0.4037
0.3255 0.3275 0.4047
0.3255 0.3275 0.4047
0.3265 0.3275 0.4047
0.3255 0.3275 0.4037
0.3265 0.3275 0.4047
0.3255 0.3265 0.4047
0.3255 0.3265 0.4047
0.3255 0.3275 0.4037
0.3226 0.3275 0.4047
0.3265 0.3363 0.4018
0.3294 0.3284 0.4037
0.3284 0.3294 0.4037
0.3226 0.3304 0.4037
0.3265 0.3627 0.4008
0.3275 0.3314 0.4037
0.3255 0.3128 0.4047
0.3333 0.3412 0.4047
0.3294 0.306 0.4125
0.3167 0.2845 0.3734
0.3079 0.2991 0.391
0.3167 0.2649 0.3959
0.3206 0.2942 0.3666
0.3353 0.3196 0.3724
0.3245 0.3314 0.3978
0.3255 0.3333 0.3949
0.3255 0.3333 0.4076
0.3353 0.3314 0.4027
0.3255 0.3236 0.4027
0.3245 0.3314 0.4047
0.3314 0.3314 0.3998
0.3363 0.3333 0.3998
0.3372 0.3226 0.4008
0.3372 0.3304 0.4018
0.3314 0.3284 0.4057
0.3284 0.3255 0.4066
0.3324 0.3216 0.4066
0.3324 0.3177 0.3988
0.3343 0.3196 0.4076
0.3363 0.3236 0.4096
0.3314 0.3216 0.4018
0.3284 0.3255 0.4027
0.3324 0.3245 0.4086
0.3304 0.3177 0.4047
0.3324 0.3196 0.4047
0.3372 0.3245 0.4115
0.3363 0.3187 0.4076
0.3431 0.3196 0.4076
0.3363 0.3109 0.4135
0.3333 0.3177 0.4164
0.3284 0.3245 0.4203
0.3402 0.3245 0.4301
0.348 0.3255 0.4164
0.3441 0.3177 0.3998
0.3509 0.3196 0.392
0.348 0.3255 0.3822
0.346 0.3363 0.39
0.349 0.3284 0.3978
0.3519 0.3333 0.3851
0.35 0.3314 0.3871
0.3519 0.3294 0.39
0.35 0.3402 0.3842
0.3509 0.3509 0.3939
0.3539 0.3578 0.3861
0.3431 0.3578 0.3861
0.3314 0.3646 0.3881
0.3392 0.3607 0.3959
0.3363 0.35 0.4076
0.3421 0.3578 0.4057
0.3548 0.3558 0.4057
0.3548 0.3578 0.393
0.3627 0.3558 0.3969
0.3666 0.3529 0.3939
0.3685 0.3441 0.3734
0.3695 0.348 0.3822
0.3763 0.3441 0.3793
0.3744 0.3372 0.3666
0.3715 0.3421 0.392
0.3666 0.3431 0.3793
0.3646 0.347 0.3793
0.3695 0.3431 0.3685
0.3675 0.349 0.3734
0.3646 0.3558 0.3851
0.3558 0.3607 0.3871
0.3597 0.3509 0.3969
0.3607 0.3412 0.391
0.3656 0.347 0.3705
0.3675 0.348 0.3842
0.3773 0.348 0.3851
0.3685 0.347 0.39
0.3636 0.3441 0.393
0.3636 0.3372 0.3763
0.3744 0.349 0.3627
0.3783 0.3558 0.3675
0.3773 0.3578 0.3705
0.3754 0.3539 0.4037
0.3646 0.3402 0.3803
0.3695 0.3412 0.3724
0.3793 0.349 0.3715
0.3763 0.3529 0.3793
0.3724 0.3548 0.3783
0.3724 0.346 0.3822
0.3646 0.349 0.3744
0.3744 0.3529 0.3636
0.3695 0.3607 0.3666
0.3744 0.3568 0.3656
0.3685 0.3587 0.3842
0.3568 0.3441 0.3783
0.3646 0.3519 0.3656
0.3715 0.3539 0.3822
0.3783 0.349 0.3793
0.3793 0.3451 0.3851
0.3754 0.3392 0.3763
0.3734 0.3412 0.3724
0.3754 0.349 0.3754
0.3773 0.3451 0.3558
0.3891 0.349 0.3656
0.3744 0.3451 0.3959
0.3734 0.3382 0.3705
0.3832 0.3509 0.3734
0.3861 0.3529 0.3666
0.3754 0.3607 0.3754
0.3431 0.3558 0.3412
0.304 0.3216 0.3441
0.2884 0.2942 0.3001
0.2571 0.2942 0.3157
0.1329 0.2864 0.3294
0.3099 0.3275 0.6481
0.2972 0.2893 0.4526
0.3206 0.306 0.4829
0.2845 0.3236 0.3891
0.3001 0.3304 0.4037
0.3069 0.3265 0.4213
0.3138 0.3265 0.3939
0.3245 0.3148 0.3998
0.3314 0.3216 0.3949
0.3177 0.3177 0.39
0.3138 0.3079 0.4242
0.3196 0.2923 0.4145
0.3196 0.2962 0.3891
0.3245 0.306 0.3773
0.3265 0.305 0.3333
0.3255 0.3353 0.4545
0.3255 0.3275 0.4037
0.3255 0.3275 0.4037
0.3255 0.3284 0.4037
0.3255 0.3245 0.4047
0.3255 0.3275 0.4037
0.3265 0.3284 0.4047
0.3255 0.3294 0.4037
0.3255 0.3245 0.4037
0.3255 0.3255 0.4037
0.3255 0.3275 0.4037
0.3265 0.3255 0.4047
0.3265 0.3275 0.4037
0.3265 0.3265 0.4037
0.3255 0.3275 0.4037
0.3265 0.3275 0.4037
0.3255 0.3275 0.4037
0.3255 0.3275 0.4037
0.3255 0.3275 0.4037
0.3255 0.3265 0.4047
0.3255 0.3275 0.4037
0.3255 0.3275 0.4047
0.3255 0.3275 0.4037
0.3255 0.3265 0.4047
0.3255 0.3265 0.4037
0.3255 0.3275 0.4037
0.3265 0.3275 0.4037
0.3255 0.3275 0.4037
0.3255 0.3275 0.4047
0.3255 0.3275 0.4037
0.3255 0.3275 0.4037
0.3255 0.3275 0.4037
0.3255 0.3275 0.4037
0.3255 0.3275 0.4037
0.3265 0.3275 0.4037
0.3255 0.3265 0.4047
0.3255 0.3275 0.4037
0.3255 0.3275 0.4047
0.3255 0.3275 0.4037
0.3255 0.3275 0.4037
0.3255 0.3275 0.4037
0.3255 0.3275 0.4037
0.3255 0.3275 0.4037
0.3255 0.3275 0.4037
0.3255 0.3275 0.4047
0.3255 0.3275 0.4037
0.3255 0.3275 0.4037
0.3255 0.3275 0.4047
0.3255 0.3275 0.4037
0.3265 0.3275 0.4037
0.3255 0.3275 0.4037
0.3265 0.3275 0.4037
0.3255 0.3275 0.4037
0.3255 0.3275 0.4037
0.3255 0.3275 0.4047
0.3255 0.3275 0.4037
0.3255 0.3275 0.4037
0.3255 0.3275 0.4037
0.3255 0.3275 0.4037
0.3255 0.3275 0.4037
0.3255 0.3275 0.4047
0.3255 0.3275 0.4037
0.3255 0.3275 0.4037
0.3255 0.3275 0.4037
0.3255 0.3275 0.4037
0.3265 0.3275 0.4037
0.3255 0.3275 0.4037
0.3255 0.3275 0.4047
0.3265 0.3275 0.4047
0.3255 0.3275 0.4037
0.3255 0.3275 0.4037
0.3255 0.3275 0.4037
0.3255 0.3275 0.4047
0.3255 0.3275 0.4037
0.3255 0.3275 0.4037
0.3265 0.3275 0.4037
0.3255 0.3275 0.4037
0.3255 0.3275 0.4047
0.3255 0.3275 0.4037
0.3255 0.3275 0.4037
0.3255 0.3275 0.4037
0.3255 0.3275 0.4047
0.3255 0.3275 0.4037
0.3255 0.3275 0.4047
0.3255 0.3275 0.4037
0.3255 0.3275 0.4037
0.3255 0.3275 0.4037
0.3255 0.3275 0.4037
0.3255 0.3275 0.4037
0.3255 0.3275 0.4037
0.3255 0.3275 0.4047
0.3255 0.3265 0.4037
0.3255 0.3275 0.4037
0.3255 0.3275 0.4037
0.3255 0.3275 0.4037
0.3255 0.3275 0.4037
0.3255 0.3275 0.4037
0.3255 0.3275 0.4037
0.3255 0.3275 0.4037
0.3255 0.3275 0.4037
0.3255 0.3275 0.4047
0.3255 0.3275 0.4037
0.3255 0.3275 0.4037
0.3255 0.3275 0.4047
0.3265 0.3275 0.4037
0.3255 0.3275 0.4047
0.3265 0.3275 0.4037
0.3255 0.3275 0.4047
0.3265 0.3275 0.4047
0.3255 0.3275 0.4037
0.3255 0.3275 0.4037